.Random.seed <-
c(403L, 10L, -1264731396L, 861671231L, -1503322091L, -2127269076L, 
1945311234L, -1814584611L, -1310733865L, -1041890114L, -139755784L, 
-847090469L, 2002906937L, 1951124104L, 1200893494L, -84320655L, 
778239139L, 405976562L, -1568770748L, -999213561L, -535792675L, 
-413541164L, -29441030L, 602747717L, 567502751L, -342479578L, 
-2656848L, 1727376979L, 266152305L, -1273806688L, 895160382L, 
1117271881L, -1896538629L, 1200472522L, -1710002388L, 585453359L, 
-1630552603L, -1069350756L, 1131488498L, 798743917L, -979457369L, 
-1325054770L, 828566056L, -1546438101L, -1188851639L, -887729832L, 
172951558L, -474842655L, 1413120883L, 190306274L, 747208532L, 
54899287L, -1213570483L, 753632740L, 653680586L, 517595701L, 
-1642174321L, -1110730346L, 401941824L, -861456381L, 284338721L, 
-2083148528L, -1955568914L, -856621415L, -949043413L, 1509374490L, 
-1281840932L, -1763285793L, 1466458805L, 984298572L, 2121205922L, 
-573585411L, 293156087L, 64807454L, 1476582616L, -1057087429L, 
2105698777L, -1470296216L, 944358038L, -1687811055L, -749445693L, 
-1702305326L, 2071783524L, -793393241L, -198326019L, -1070949132L, 
1064303578L, -1259319515L, -738879937L, 1232133574L, -1637582256L, 
1461188211L, 639236753L, -293059904L, 1788044446L, -688043927L, 
793420955L, -1643864662L, -960016948L, -2033524593L, 2132287685L, 
-1288580996L, 1019440338L, -1366358963L, -1533471481L, -1668187922L, 
1922193864L, 2109030091L, 1452748585L, 1999288184L, -462287706L, 
544628417L, -1695213741L, -171584510L, 1637871924L, 781998775L, 
-1259895123L, -578713660L, -1547964438L, 1765552213L, 239930863L, 
-89942538L, -581029088L, -761369373L, 414968193L, 297820144L, 
242744974L, 1147453945L, 997477259L, 802621370L, -1781414212L, 
-1610850817L, 1434196821L, 633998444L, -1158223678L, 1194834717L, 
-613011049L, -1457460994L, 1350433464L, -1349892965L, 443630329L, 
990381128L, 1551591286L, -1153359183L, 665367267L, 2100212146L, 
-379911676L, -1538426553L, -632650723L, -2139506028L, 1939354170L, 
880163973L, -1941085857L, 1043214822L, 1305665648L, 1831805843L, 
-2051775439L, 1327491808L, 1552968574L, 740155913L, 1704389179L, 
-1353681910L, -1759917076L, 922329199L, -1069563995L, 1913210716L, 
308071218L, 1826894381L, 1437507815L, -1367780850L, 575107048L, 
823787L, 263283337L, 249879064L, -105246394L, -1917837407L, 1364677171L, 
-1050955870L, -884921708L, -2020253417L, 1816133389L, -119933404L, 
1355111946L, 104687477L, 1976464079L, -1335376426L, 615909760L, 
-243514941L, -1908615327L, -510857776L, 408345902L, -1443631911L, 
2039686891L, 1901970266L, -455568100L, -1926372321L, -929552267L, 
-31820532L, -1510614814L, -800239171L, 1546638903L, -1893413666L, 
-619587560L, 81463163L, 1267664665L, -1725588568L, -1070003370L, 
1396610001L, 822097795L, -1888411118L, -2020624988L, 2017718631L, 
-346497347L, -1751996876L, 1211719066L, 1369844197L, 111220095L, 
-219800314L, -504772976L, 642764595L, -1190867759L, 1322194560L, 
-1443545250L, 1427315881L, 1563037531L, -595696278L, 2113546252L, 
-1875247025L, 1253734661L, -1366387340L, -535148536L, -572591174L, 
1793828304L, 1059262444L, 1628908948L, -1946953262L, 988848480L, 
-645784756L, 596527392L, 1745037186L, -2109454616L, 1144320236L, 
302803004L, 937842L, -456876432L, -1805788124L, 250677048L, -187132774L, 
1102553808L, -854685508L, -2044635500L, 481148546L, 975816896L, 
-1601446084L, -2087407472L, 592016930L, 2011266056L, 1432821004L, 
-228287332L, -703155694L, -1330723968L, -105482732L, -1118243288L, 
-2069963462L, 1287607760L, 1764159596L, -1003739852L, -1476607342L, 
1480644448L, 224481100L, 426643424L, -334394462L, 1919462312L, 
14834060L, 297960636L, 754102642L, -964398864L, 134053956L, -419885736L, 
-412835270L, -2144460944L, 206203964L, -1130476780L, -1028237886L, 
1608636128L, 1985934204L, 320344784L, 1561842850L, 476637224L, 
-664123124L, 434754492L, -361429710L, -1052786240L, -968330700L, 
28035016L, 1416815802L, -1195861616L, 207479276L, 892124756L, 
1845030034L, -24626400L, 1631609292L, 1659502048L, 540700354L, 
444641320L, 54648492L, 1229533372L, -294939150L, 1391369520L, 
422233252L, 1169875640L, -297535142L, 1833439632L, 1688113020L, 
2048141588L, -1787482302L, -1484484864L, -1854823492L, -1000129712L, 
269143842L, 1263527240L, 667928076L, 1173643356L, 532642002L, 
173422080L, -423282348L, 1773749736L, 159081466L, 824143056L, 
1145977132L, 2064545524L, -1357941358L, 1333665888L, 1480652044L, 
-1903967520L, 475506018L, -1017279832L, -1842400692L, -1162236548L, 
-1297456846L, 253287536L, 615301956L, -2106852904L, -267076486L, 
1326661168L, -2042109252L, -185693356L, 1331249218L, 290183584L, 
-1160214852L, 941786576L, 1901227362L, -1201070104L, 1440255948L, 
-1729332484L, 1217027570L, -1765108608L, -1301012236L, 1411900040L, 
252412730L, -1607266480L, -580521364L, -1645594476L, -1009110702L, 
245614304L, 467832524L, 713871520L, 1315366786L, -1915652376L, 
673439468L, 1146806332L, 1260097138L, -972170128L, -584904156L, 
1347633208L, -1813817318L, 541689552L, 1302318140L, -1087621996L, 
-1809606526L, -1974612032L, 1832421692L, -662913392L, -1853880286L, 
-1784817656L, 2083454092L, -883055588L, 1851163282L, 559259776L, 
-1623268332L, -1690824408L, -73647558L, -1101273904L, 1831664748L, 
-2098815308L, 660609042L, 1351774176L, 785546188L, -1601251872L, 
406338082L, -1127496408L, -82010868L, 1953543740L, 328222962L, 
685647600L, -841879740L, 2136221272L, 1809967674L, 149982960L, 
1065621692L, -1314452972L, 726846658L, 1582869600L, 1134230908L, 
1947732176L, -1954333662L, 1012962984L, 224447372L, 1659045308L, 
1784411186L, -183783616L, -1775582028L, 2147336008L, -995417414L, 
1076490000L, -207260436L, 706845780L, 858087186L, 732417952L, 
-812756020L, -1268577440L, 1399760066L, 99647016L, -993280596L, 
-1969808580L, 1478961010L, 392978224L, -2140740060L, -1545724872L, 
-1350354726L, 2074848656L, 1391115004L, -1384586348L, 1829277506L, 
101463552L, -1110204868L, -1767718320L, -866333022L, -439653560L, 
-1372270068L, -256796452L, 814307922L, 1767069824L, 1921606484L, 
1280081384L, 784883450L, 1425465240L, -1199951690L, 552998211L, 
1115739269L, -502551262L, 1639839248L, 58725817L, 991700587L, 
348395868L, 1466396810L, -1051633537L, -434415159L, -1898063266L, 
1759629580L, -1561180963L, -1892953625L, 1745947152L, 2031806254L, 
260680667L, 471215293L, 687975978L, -1847606584L, -43747343L, 
1172404579L, 1339943268L, -1634030446L, -302300825L, 926585649L, 
-2045585290L, -915242604L, 1109960101L, -1308483921L, 1751730024L, 
-91002042L, 1877986035L, 859972693L, -1106057166L, -1483790848L, 
1829979881L, 2050413915L, -859949140L, 2069371834L, 229238127L, 
211021561L, -286886002L, 164328028L, -845279027L, -1998577609L, 
-1312752960L, -1253294690L, 1379143275L, -1732344339L, -1962929062L, 
-1795431656L, 826460289L, 943468083L, -1000098732L, 484356194L, 
-1625671945L, 647383361L, 1289777094L, 1353651460L, 1057082549L, 
-904860769L, 453641208L, 2098585046L, -388619165L, -462155739L, 
-1456986174L, 1935195312L, -450905895L, -826134965L, -1147386692L, 
275561194L, -1183991009L, 319239081L, -1661225666L, 1155742764L, 
389839485L, 828929223L, -154955344L, 350305230L, 1564829947L, 
734703453L, -1532621686L, 726645416L, 753681937L, -1310238973L, 
1603678724L, -185288142L, -716903801L, 81301201L, -1500014506L, 
1183131700L, -1938060475L, 1108556175L, 1332424968L, 1289399078L, 
-1568185389L, 1526453557L, -533138286L, 319269984L, 1553353161L, 
1212866811L, -219586868L, -1358884006L, -1988266417L, -1714269415L, 
668454190L, -92252356L, 1908438189L, 1203488599L, -1283405152L, 
-396352514L, 1990955723L, 1485882573L, 1545897978L, -1205674952L, 
-1590719007L, 191731347L, 1379284148L, 1577991618L, -1486844457L, 
-1067757023L, -791395866L, -236070684L, -1675565035L, -51374017L, 
2109470680L, 1372518902L, -74622461L, -1067381435L, 162986338L, 
-524635440L, 1612361209L, 664913195L, -160209252L, 710304970L, 
-1445229121L, -2089733879L, -791965154L, 243228620L, -1728389731L, 
-955697113L, 1894901328L, 1017279214L, 1702591387L, 568969725L, 
